0 0 0 1
27.9451 -14.3237 0 1


27.9451 -14.3237 0 1
34.7688 0 0 1


34.7688 0 0 1
24.9794 14.5501 0 1


34.7688 0 0 1
0 0 0 1


24.9794 14.5501 0 1
0 0 0 1


0 0 0 1
0 0 20.5 1


27.9451 -14.3237 0 1
29.0012 -14.8268 8 1


34.7688 0 0 1
36.0951 0.0641358 8 1


24.9794 14.5501 0 1
25.9221 15.1843 8 1


0 0 20.5 1
29.0012 -14.8268 8 1


29.0012 -14.8268 8 1
36.0951 0.0641358 8 1


36.0951 0.0641358 8 1
25.9221 15.1843 8 1


36.0951 0.0641358 8 1
0 0 20.5 1


25.9221 15.1843 8 1
0 0 20.5 1


0 0 0 2
24.9794 14.5501 0 2


24.9794 14.5501 0 2
15.19 29.1001 0 2


15.19 29.1001 0 2
-3.21002 28.5233 0 2


15.19 29.1001 0 2
0 0 0 2


-3.21002 28.5233 0 2
0 0 0 2


0 0 0 2
0 0 20.5 2


24.9794 14.5501 0 2
25.9221 15.1843 8 2


15.19 29.1001 0 2
15.7491 30.3045 8 2


-3.21002 28.5233 0 2
-3.30153 29.7073 8 2


0 0 20.5 2
25.9221 15.1843 8 2


25.9221 15.1843 8 2
15.7491 30.3045 8 2


15.7491 30.3045 8 2
-3.30153 29.7073 8 2


15.7491 30.3045 8 2
0 0 20.5 2


-3.30153 29.7073 8 2
0 0 20.5 2


0 0 0 3
-3.21002 28.5233 0 3


-3.21002 28.5233 0 3
-21.61 27.9465 0 3


-21.61 27.9465 0 3
-28.063 14.831 0 3


-21.61 27.9465 0 3
0 0 0 3


-28.063 14.831 0 3
0 0 0 3


0 0 0 3
0 0 20.5 3


-3.21002 28.5233 0 3
-3.30153 29.7073 8 3


-21.61 27.9465 0 3
-22.3522 29.1101 8 3


-28.063 14.831 0 3
-29.0627 15.4711 8 3


0 0 20.5 3
-3.30153 29.7073 8 3


-3.30153 29.7073 8 3
-22.3522 29.1101 8 3


-22.3522 29.1101 8 3
-29.0627 15.4711 8 3


-22.3522 29.1101 8 3
0 0 20.5 3


-29.0627 15.4711 8 3
0 0 20.5 3


0 0 0 4
-28.063 14.831 0 4


-28.063 14.831 0 4
-34.516 1.71544 0 4


-34.516 1.71544 0 4
-26.1805 -14.0919 0 4


-34.516 1.71544 0 4
0 0 0 4


-26.1805 -14.0919 0 4
0 0 0 4


0 0 0 4
0 0 20.5 4


-28.063 14.831 0 4
-29.0627 15.4711 8 4


-34.516 1.71544 0 4
-35.7732 1.83213 8 4


-26.1805 -14.0919 0 4
-27.113 -14.5911 8 4


0 0 20.5 4
-29.0627 15.4711 8 4


-29.0627 15.4711 8 4
-35.7732 1.83213 8 4


-35.7732 1.83213 8 4
-27.113 -14.5911 8 4


-35.7732 1.83213 8 4
0 0 20.5 4


-27.113 -14.5911 8 4
0 0 20.5 4


0 0 0 5
-26.1805 -14.0919 0 5


-26.1805 -14.0919 0 5
-17.8451 -29.8993 0 5


-17.8451 -29.8993 0 5
1.63818 -29.2733 0 5


-17.8451 -29.8993 0 5
0 0 0 5


1.63818 -29.2733 0 5
0 0 0 5


0 0 0 5
0 0 20.5 5


-26.1805 -14.0919 0 5
-27.113 -14.5911 8 5


-17.8451 -29.8993 0 5
-18.4528 -31.0144 8 5


1.63818 -29.2733 0 5
1.72726 -30.3661 8 5


0 0 20.5 5
-27.113 -14.5911 8 5


-27.113 -14.5911 8 5
-18.4528 -31.0144 8 5


-18.4528 -31.0144 8 5
1.72726 -30.3661 8 5


-18.4528 -31.0144 8 5
0 0 20.5 5


1.72726 -30.3661 8 5
0 0 20.5 5


0 0 0 6
1.63818 -29.2733 0 6


1.63818 -29.2733 0 6
21.1214 -28.6474 0 6


21.1214 -28.6474 0 6
27.9451 -14.3237 0 6


21.1214 -28.6474 0 6
0 0 0 6


27.9451 -14.3237 0 6
0 0 0 6


0 0 0 6
0 0 20.5 6


1.63818 -29.2733 0 6
1.72726 -30.3661 8 6


21.1214 -28.6474 0 6
21.9073 -29.7177 8 6


27.9451 -14.3237 0 6
29.0012 -14.8268 8 6


0 0 20.5 6
1.72726 -30.3661 8 6


1.72726 -30.3661 8 6
21.9073 -29.7177 8 6


21.9073 -29.7177 8 6
29.0012 -14.8268 8 6


21.9073 -29.7177 8 6
0 0 20.5 6


29.0012 -14.8268 8 6
0 0 20.5 6


0 0 20.5 7
29.0012 -14.8268 8 7


29.0012 -14.8268 8 7
36.0951 0.0641358 8 7


36.0951 0.0641358 8 7
25.9221 15.1843 8 7


36.0951 0.0641358 8 7
0 0 20.5 7


25.9221 15.1843 8 7
0 0 20.5 7


0 0 20.5 7
0 0 28 7


29.0012 -14.8268 8 7
30.7173 -15.6444 21 7


36.0951 0.0641358 8 7
38.2503 0.168357 21 7


25.9221 15.1843 8 7
27.454 16.215 21 7


0 0 28 7
30.7173 -15.6444 21 7


30.7173 -15.6444 21 7
38.2503 0.168357 21 7


38.2503 0.168357 21 7
27.454 16.215 21 7


38.2503 0.168357 21 7
0 0 28 7


27.454 16.215 21 7
0 0 28 7


0 0 20.5 8
25.9221 15.1843 8 8


25.9221 15.1843 8 8
15.7491 30.3045 8 8


15.7491 30.3045 8 8
-3.30153 29.7073 8 8


15.7491 30.3045 8 8
0 0 20.5 8


-3.30153 29.7073 8 8
0 0 20.5 8


0 0 20.5 8
0 0 28 8


25.9221 15.1843 8 8
27.454 16.215 21 8


15.7491 30.3045 8 8
16.6577 32.2617 21 8


-3.30153 29.7073 8 8
-3.45024 31.6314 21 8


0 0 28 8
27.454 16.215 21 8


27.454 16.215 21 8
16.6577 32.2617 21 8


16.6577 32.2617 21 8
-3.45024 31.6314 21 8


16.6577 32.2617 21 8
0 0 28 8


-3.45024 31.6314 21 8
0 0 28 8


0 0 20.5 9
-3.30153 29.7073 8 9


-3.30153 29.7073 8 9
-22.3522 29.1101 8 9


-22.3522 29.1101 8 9
-29.0627 15.4711 8 9


-22.3522 29.1101 8 9
0 0 20.5 9


-29.0627 15.4711 8 9
0 0 20.5 9


0 0 20.5 9
0 0 28 9


-3.30153 29.7073 8 9
-3.45024 31.6314 21 9


-22.3522 29.1101 8 9
-23.5582 31.001 21 9


-29.0627 15.4711 8 9
-30.6872 16.5114 21 9


0 0 28 9
-3.45024 31.6314 21 9


-3.45024 31.6314 21 9
-23.5582 31.001 21 9


-23.5582 31.001 21 9
-30.6872 16.5114 21 9


-23.5582 31.001 21 9
0 0 28 9


-30.6872 16.5114 21 9
0 0 28 9


0 0 20.5 10
-29.0627 15.4711 8 10


-29.0627 15.4711 8 10
-35.7732 1.83213 8 10


-35.7732 1.83213 8 10
-27.113 -14.5911 8 10


-35.7732 1.83213 8 10
0 0 20.5 10


-27.113 -14.5911 8 10
0 0 20.5 10


0 0 20.5 10
0 0 28 10


-29.0627 15.4711 8 10
-30.6872 16.5114 21 10


-35.7732 1.83213 8 10
-37.8163 2.02175 21 10


-27.113 -14.5911 8 10
-28.6283 -15.4024 21 10


0 0 28 10
-30.6872 16.5114 21 10


-30.6872 16.5114 21 10
-37.8163 2.02175 21 10


-37.8163 2.02175 21 10
-28.6283 -15.4024 21 10


-37.8163 2.02175 21 10
0 0 28 10


-28.6283 -15.4024 21 10
0 0 28 10


0 0 20.5 11
-27.113 -14.5911 8 11


-27.113 -14.5911 8 11
-18.4528 -31.0144 8 11


-18.4528 -31.0144 8 11
1.72726 -30.3661 8 11


-18.4528 -31.0144 8 11
0 0 20.5 11


1.72726 -30.3661 8 11
0 0 20.5 11


0 0 20.5 11
0 0 28 11


-27.113 -14.5911 8 11
-28.6283 -15.4024 21 11


-18.4528 -31.0144 8 11
-19.4403 -32.8265 21 11


1.72726 -30.3661 8 11
1.87201 -32.1418 21 11


0 0 28 11
-28.6283 -15.4024 21 11


-28.6283 -15.4024 21 11
-19.4403 -32.8265 21 11


-19.4403 -32.8265 21 11
1.87201 -32.1418 21 11


-19.4403 -32.8265 21 11
0 0 28 11


1.87201 -32.1418 21 11
0 0 28 11


0 0 20.5 12
1.72726 -30.3661 8 12


1.72726 -30.3661 8 12
21.9073 -29.7177 8 12


21.9073 -29.7177 8 12
29.0012 -14.8268 8 12


21.9073 -29.7177 8 12
0 0 20.5 12


29.0012 -14.8268 8 12
0 0 20.5 12


0 0 20.5 12
0 0 28 12


1.72726 -30.3661 8 12
1.87201 -32.1418 21 12


21.9073 -29.7177 8 12
23.1843 -31.4571 21 12


29.0012 -14.8268 8 12
30.7173 -15.6444 21 12


0 0 28 12
1.87201 -32.1418 21 12


1.87201 -32.1418 21 12
23.1843 -31.4571 21 12


23.1843 -31.4571 21 12
30.7173 -15.6444 21 12


23.1843 -31.4571 21 12
0 0 28 12


30.7173 -15.6444 21 12
0 0 28 12


0 0 28 13
30.7173 -15.6444 21 13


30.7173 -15.6444 21 13
38.2503 0.168357 21 13


38.2503 0.168357 21 13
27.454 16.215 21 13


38.2503 0.168357 21 13
0 0 28 13


27.454 16.215 21 13
0 0 28 13


0 0 28 13
0 0 43.5 13


30.7173 -15.6444 21 13
32.6975 -16.5877 36 13


38.2503 0.168357 21 13
40.7372 0.288611 36 13


27.454 16.215 21 13
29.2216 17.4043 36 13


0 0 43.5 13
32.6975 -16.5877 36 13


32.6975 -16.5877 36 13
40.7372 0.288611 36 13


40.7372 0.288611 36 13
29.2216 17.4043 36 13


40.7372 0.288611 36 13
0 0 43.5 13


29.2216 17.4043 36 13
0 0 43.5 13


0 0 28 14
27.454 16.215 21 14


27.454 16.215 21 14
16.6577 32.2617 21 14


16.6577 32.2617 21 14
-3.45024 31.6314 21 14


16.6577 32.2617 21 14
0 0 28 14


-3.45024 31.6314 21 14
0 0 28 14


0 0 28 14
0 0 43.5 14


27.454 16.215 21 14
29.2216 17.4043 36 14


16.6577 32.2617 21 14
17.7061 34.52 36 14


-3.45024 31.6314 21 14
-3.62182 33.8514 36 14


0 0 43.5 14
29.2216 17.4043 36 14


29.2216 17.4043 36 14
17.7061 34.52 36 14


17.7061 34.52 36 14
-3.62182 33.8514 36 14


17.7061 34.52 36 14
0 0 43.5 14


-3.62182 33.8514 36 14
0 0 43.5 14


0 0 28 15
-3.45024 31.6314 21 15


-3.45024 31.6314 21 15
-23.5582 31.001 21 15


-23.5582 31.001 21 15
-30.6872 16.5114 21 15


-23.5582 31.001 21 15
0 0 28 15


-30.6872 16.5114 21 15
0 0 28 15


0 0 28 15
0 0 43.5 15


-3.45024 31.6314 21 15
-3.62182 33.8514 36 15


-23.5582 31.001 21 15
-24.9497 33.1828 36 15


-30.6872 16.5114 21 15
-32.5617 17.7117 36 15


0 0 43.5 15
-3.62182 33.8514 36 15


-3.62182 33.8514 36 15
-24.9497 33.1828 36 15


-24.9497 33.1828 36 15
-32.5617 17.7117 36 15


-24.9497 33.1828 36 15
0 0 43.5 15


-32.5617 17.7117 36 15
0 0 43.5 15


0 0 28 16
-30.6872 16.5114 21 16


-30.6872 16.5114 21 16
-37.8163 2.02175 21 16


-37.8163 2.02175 21 16
-28.6283 -15.4024 21 16


-37.8163 2.02175 21 16
0 0 28 16


-28.6283 -15.4024 21 16
0 0 28 16


0 0 28 16
0 0 43.5 16


-30.6872 16.5114 21 16
-32.5617 17.7117 36 16


-37.8163 2.02175 21 16
-40.1736 2.24053 36 16


-28.6283 -15.4024 21 16
-30.3767 -16.3384 36 16


0 0 43.5 16
-32.5617 17.7117 36 16


-32.5617 17.7117 36 16
-40.1736 2.24053 36 16


-40.1736 2.24053 36 16
-30.3767 -16.3384 36 16


-40.1736 2.24053 36 16
0 0 43.5 16


-30.3767 -16.3384 36 16
0 0 43.5 16


0 0 28 17
-28.6283 -15.4024 21 17


-28.6283 -15.4024 21 17
-19.4403 -32.8265 21 17


-19.4403 -32.8265 21 17
1.87201 -32.1418 21 17


-19.4403 -32.8265 21 17
0 0 28 17


1.87201 -32.1418 21 17
0 0 28 17


0 0 28 17
0 0 43.5 17


-28.6283 -15.4024 21 17
-30.3767 -16.3384 36 17


-19.4403 -32.8265 21 17
-20.5797 -34.9173 36 17


1.87201 -32.1418 21 17
2.03903 -34.1906 36 17


0 0 43.5 17
-30.3767 -16.3384 36 17


-30.3767 -16.3384 36 17
-20.5797 -34.9173 36 17


-20.5797 -34.9173 36 17
2.03903 -34.1906 36 17


-20.5797 -34.9173 36 17
0 0 43.5 17


2.03903 -34.1906 36 17
0 0 43.5 17


0 0 28 18
1.87201 -32.1418 21 18


1.87201 -32.1418 21 18
23.1843 -31.4571 21 18


23.1843 -31.4571 21 18
30.7173 -15.6444 21 18


23.1843 -31.4571 21 18
0 0 28 18


30.7173 -15.6444 21 18
0 0 28 18


0 0 28 18
0 0 43.5 18


1.87201 -32.1418 21 18
2.03903 -34.1906 36 18


23.1843 -31.4571 21 18
24.6578 -33.464 36 18


30.7173 -15.6444 21 18
32.6975 -16.5877 36 18


0 0 43.5 18
2.03903 -34.1906 36 18


2.03903 -34.1906 36 18
24.6578 -33.464 36 18


24.6578 -33.464 36 18
32.6975 -16.5877 36 18


24.6578 -33.464 36 18
0 0 43.5 18


32.6975 -16.5877 36 18
0 0 43.5 18


0 0 43.5 19
32.6975 -16.5877 36 19


32.6975 -16.5877 36 19
40.7372 0.288611 36 19


40.7372 0.288611 36 19
29.2216 17.4043 36 19


40.7372 0.288611 36 19
0 0 43.5 19


29.2216 17.4043 36 19
0 0 43.5 19


0 0 43.5 19
0 0 59 19


32.6975 -16.5877 36 19
35.0737 -17.7197 54 19


40.7372 0.288611 36 19
43.7214 0.432917 54 19


29.2216 17.4043 36 19
31.3428 18.8314 54 19


0 0 59 19
35.0737 -17.7197 54 19


35.0737 -17.7197 54 19
43.7214 0.432917 54 19


43.7214 0.432917 54 19
31.3428 18.8314 54 19


43.7214 0.432917 54 19
0 0 59 19


31.3428 18.8314 54 19
0 0 59 19


0 0 43.5 20
29.2216 17.4043 36 20


29.2216 17.4043 36 20
17.7061 34.52 36 20


17.7061 34.52 36 20
-3.62182 33.8514 36 20


17.7061 34.52 36 20
0 0 43.5 20


-3.62182 33.8514 36 20
0 0 43.5 20


0 0 43.5 20
0 0 59 20


29.2216 17.4043 36 20
31.3428 18.8314 54 20


17.7061 34.52 36 20
18.9641 37.2299 54 20


-3.62182 33.8514 36 20
-3.82772 36.5154 54 20


0 0 59 20
31.3428 18.8314 54 20


31.3428 18.8314 54 20
18.9641 37.2299 54 20


18.9641 37.2299 54 20
-3.82772 36.5154 54 20


18.9641 37.2299 54 20
0 0 59 20


-3.82772 36.5154 54 20
0 0 59 20


0 0 43.5 21
-3.62182 33.8514 36 21


-3.62182 33.8514 36 21
-24.9497 33.1828 36 21


-24.9497 33.1828 36 21
-32.5617 17.7117 36 21


-24.9497 33.1828 36 21
0 0 43.5 21


-32.5617 17.7117 36 21
0 0 43.5 21


0 0 43.5 21
0 0 59 21


-3.62182 33.8514 36 21
-3.82772 36.5154 54 21


-24.9497 33.1828 36 21
-26.6196 35.8009 54 21


-32.5617 17.7117 36 21
-34.811 19.152 54 21


0 0 59 21
-3.82772 36.5154 54 21


-3.82772 36.5154 54 21
-26.6196 35.8009 54 21


-26.6196 35.8009 54 21
-34.811 19.152 54 21


-26.6196 35.8009 54 21
0 0 59 21


-34.811 19.152 54 21
0 0 59 21


0 0 43.5 22
-32.5617 17.7117 36 22


-32.5617 17.7117 36 22
-40.1736 2.24053 36 22


-40.1736 2.24053 36 22
-30.3767 -16.3384 36 22


-40.1736 2.24053 36 22
0 0 43.5 22


-30.3767 -16.3384 36 22
0 0 43.5 22


0 0 43.5 22
0 0 59 22


-32.5617 17.7117 36 22
-34.811 19.152 54 22


-40.1736 2.24053 36 22
-43.0024 2.50308 54 22


-30.3767 -16.3384 36 22
-32.4747 -17.4616 54 22


0 0 59 22
-34.811 19.152 54 22


-34.811 19.152 54 22
-43.0024 2.50308 54 22


-43.0024 2.50308 54 22
-32.4747 -17.4616 54 22


-43.0024 2.50308 54 22
0 0 59 22


-32.4747 -17.4616 54 22
0 0 59 22


0 0 43.5 23
-30.3767 -16.3384 36 23


-30.3767 -16.3384 36 23
-20.5797 -34.9173 36 23


-20.5797 -34.9173 36 23
2.03903 -34.1906 36 23


-20.5797 -34.9173 36 23
0 0 43.5 23


2.03903 -34.1906 36 23
0 0 43.5 23


0 0 43.5 23
0 0 59 23


-30.3767 -16.3384 36 23
-32.4747 -17.4616 54 23


-20.5797 -34.9173 36 23
-21.947 -37.4263 54 23


2.03903 -34.1906 36 23
2.23945 -36.6493 54 23


0 0 59 23
-32.4747 -17.4616 54 23


-32.4747 -17.4616 54 23
-21.947 -37.4263 54 23


-21.947 -37.4263 54 23
2.23945 -36.6493 54 23


-21.947 -37.4263 54 23
0 0 59 23


2.23945 -36.6493 54 23
0 0 59 23


0 0 43.5 24
2.03903 -34.1906 36 24


2.03903 -34.1906 36 24
24.6578 -33.464 36 24


24.6578 -33.464 36 24
32.6975 -16.5877 36 24


24.6578 -33.464 36 24
0 0 43.5 24


32.6975 -16.5877 36 24
0 0 43.5 24


0 0 43.5 24
0 0 59 24


2.03903 -34.1906 36 24
2.23945 -36.6493 54 24


24.6578 -33.464 36 24
26.4259 -35.8723 54 24


32.6975 -16.5877 36 24
35.0737 -17.7197 54 24


0 0 59 24
2.23945 -36.6493 54 24


2.23945 -36.6493 54 24
26.4259 -35.8723 54 24


26.4259 -35.8723 54 24
35.0737 -17.7197 54 24


26.4259 -35.8723 54 24
0 0 59 24


35.0737 -17.7197 54 24
0 0 59 24


0 0 59 25
35.0737 -17.7197 54 25


35.0737 -17.7197 54 25
43.7214 0.432917 54 25


43.7214 0.432917 54 25
31.3428 18.8314 54 25


43.7214 0.432917 54 25
0 0 59 25


31.3428 18.8314 54 25
0 0 59 25


0 0 59 25
0 0 74.5 25


35.0737 -17.7197 54 25
37.4498 -18.8517 72 25


43.7214 0.432917 54 25
46.7056 0.577222 72 25


31.3428 18.8314 54 25
33.4639 20.2585 72 25


0 0 74.5 25
37.4498 -18.8517 72 25


37.4498 -18.8517 72 25
46.7056 0.577222 72 25


46.7056 0.577222 72 25
33.4639 20.2585 72 25


46.7056 0.577222 72 25
0 0 74.5 25


33.4639 20.2585 72 25
0 0 74.5 25


0 0 59 26
31.3428 18.8314 54 26


31.3428 18.8314 54 26
18.9641 37.2299 54 26


18.9641 37.2299 54 26
-3.82772 36.5154 54 26


18.9641 37.2299 54 26
0 0 59 26


-3.82772 36.5154 54 26
0 0 59 26


0 0 59 26
0 0 74.5 26


31.3428 18.8314 54 26
33.4639 20.2585 72 26


18.9641 37.2299 54 26
20.2222 39.9398 72 26


-3.82772 36.5154 54 26
-4.03362 39.1794 72 26


0 0 74.5 26
33.4639 20.2585 72 26


33.4639 20.2585 72 26
20.2222 39.9398 72 26


20.2222 39.9398 72 26
-4.03362 39.1794 72 26


20.2222 39.9398 72 26
0 0 74.5 26


-4.03362 39.1794 72 26
0 0 74.5 26


0 0 59 27
-3.82772 36.5154 54 27


-3.82772 36.5154 54 27
-26.6196 35.8009 54 27


-26.6196 35.8009 54 27
-34.811 19.152 54 27


-26.6196 35.8009 54 27
0 0 59 27


-34.811 19.152 54 27
0 0 59 27


0 0 59 27
0 0 74.5 27


-3.82772 36.5154 54 27
-4.03362 39.1794 72 27


-26.6196 35.8009 54 27
-28.2894 38.419 72 27


-34.811 19.152 54 27
-37.0603 20.5923 72 27


0 0 74.5 27
-4.03362 39.1794 72 27


-4.03362 39.1794 72 27
-28.2894 38.419 72 27


-28.2894 38.419 72 27
-37.0603 20.5923 72 27


-28.2894 38.419 72 27
0 0 74.5 27


-37.0603 20.5923 72 27
0 0 74.5 27


0 0 59 28
-34.811 19.152 54 28


-34.811 19.152 54 28
-43.0024 2.50308 54 28


-43.0024 2.50308 54 28
-32.4747 -17.4616 54 28


-43.0024 2.50308 54 28
0 0 59 28


-32.4747 -17.4616 54 28
0 0 59 28


0 0 59 28
0 0 74.5 28


-34.811 19.152 54 28
-37.0603 20.5923 72 28


-43.0024 2.50308 54 28
-45.8312 2.76563 72 28


-32.4747 -17.4616 54 28
-34.5728 -18.5849 72 28


0 0 74.5 28
-37.0603 20.5923 72 28


-37.0603 20.5923 72 28
-45.8312 2.76563 72 28


-45.8312 2.76563 72 28
-34.5728 -18.5849 72 28


-45.8312 2.76563 72 28
0 0 74.5 28


-34.5728 -18.5849 72 28
0 0 74.5 28


0 0 59 29
-32.4747 -17.4616 54 29


-32.4747 -17.4616 54 29
-21.947 -37.4263 54 29


-21.947 -37.4263 54 29
2.23945 -36.6493 54 29


-21.947 -37.4263 54 29
0 0 59 29


2.23945 -36.6493 54 29
0 0 59 29


0 0 59 29
0 0 74.5 29


-32.4747 -17.4616 54 29
-34.5728 -18.5849 72 29


-21.947 -37.4263 54 29
-23.3144 -39.9354 72 29


2.23945 -36.6493 54 29
2.43988 -39.108 72 29


0 0 74.5 29
-34.5728 -18.5849 72 29


-34.5728 -18.5849 72 29
-23.3144 -39.9354 72 29


-23.3144 -39.9354 72 29
2.43988 -39.108 72 29


-23.3144 -39.9354 72 29
0 0 74.5 29


2.43988 -39.108 72 29
0 0 74.5 29


0 0 59 30
2.23945 -36.6493 54 30


2.23945 -36.6493 54 30
26.4259 -35.8723 54 30


26.4259 -35.8723 54 30
35.0737 -17.7197 54 30


26.4259 -35.8723 54 30
0 0 59 30


35.0737 -17.7197 54 30
0 0 59 30


0 0 59 30
0 0 74.5 30


2.23945 -36.6493 54 30
2.43988 -39.108 72 30


26.4259 -35.8723 54 30
28.1941 -38.2806 72 30


35.0737 -17.7197 54 30
37.4498 -18.8517 72 30


0 0 74.5 30
2.43988 -39.108 72 30


2.43988 -39.108 72 30
28.1941 -38.2806 72 30


28.1941 -38.2806 72 30
37.4498 -18.8517 72 30


28.1941 -38.2806 72 30
0 0 74.5 30


37.4498 -18.8517 72 30
0 0 74.5 30


0 0 74.5 31
37.4498 -18.8517 72 31


37.4498 -18.8517 72 31
46.7056 0.577222 72 31


46.7056 0.577222 72 31
33.4639 20.2585 72 31


46.7056 0.577222 72 31
0 0 74.5 31


33.4639 20.2585 72 31
0 0 74.5 31


0 0 74.5 31
0 0 90 31


37.4498 -18.8517 72 31
39.826 -19.9837 90 31


46.7056 0.577222 72 31
49.6898 0.721528 90 31


33.4639 20.2585 72 31
35.585 21.6856 90 31


0 0 90 31
39.826 -19.9837 90 31


39.826 -19.9837 90 31
49.6898 0.721528 90 31


49.6898 0.721528 90 31
35.585 21.6856 90 31


49.6898 0.721528 90 31
0 0 90 31


35.585 21.6856 90 31
0 0 90 31


0 0 74.5 32
33.4639 20.2585 72 32


33.4639 20.2585 72 32
20.2222 39.9398 72 32


20.2222 39.9398 72 32
-4.03362 39.1794 72 32


20.2222 39.9398 72 32
0 0 74.5 32


-4.03362 39.1794 72 32
0 0 74.5 32


0 0 74.5 32
0 0 90 32


33.4639 20.2585 72 32
35.585 21.6856 90 32


20.2222 39.9398 72 32
21.4802 42.6497 90 32


-4.03362 39.1794 72 32
-4.23952 41.8434 90 32


0 0 90 32
35.585 21.6856 90 32


35.585 21.6856 90 32
21.4802 42.6497 90 32


21.4802 42.6497 90 32
-4.23952 41.8434 90 32


21.4802 42.6497 90 32
0 0 90 32


-4.23952 41.8434 90 32
0 0 90 32


0 0 74.5 33
-4.03362 39.1794 72 33


-4.03362 39.1794 72 33
-28.2894 38.419 72 33


-28.2894 38.419 72 33
-37.0603 20.5923 72 33


-28.2894 38.419 72 33
0 0 74.5 33


-37.0603 20.5923 72 33
0 0 74.5 33


0 0 74.5 33
0 0 90 33


-4.03362 39.1794 72 33
-4.23952 41.8434 90 33


-28.2894 38.419 72 33
-29.9593 41.0371 90 33


-37.0603 20.5923 72 33
-39.3097 22.0327 90 33


0 0 90 33
-4.23952 41.8434 90 33


-4.23952 41.8434 90 33
-29.9593 41.0371 90 33


-29.9593 41.0371 90 33
-39.3097 22.0327 90 33


-29.9593 41.0371 90 33
0 0 90 33


-39.3097 22.0327 90 33
0 0 90 33


0 0 74.5 34
-37.0603 20.5923 72 34


-37.0603 20.5923 72 34
-45.8312 2.76563 72 34


-45.8312 2.76563 72 34
-34.5728 -18.5849 72 34


-45.8312 2.76563 72 34
0 0 74.5 34


-34.5728 -18.5849 72 34
0 0 74.5 34


0 0 74.5 34
0 0 90 34


-37.0603 20.5923 72 34
-39.3097 22.0327 90 34


-45.8312 2.76563 72 34
-48.6601 3.02817 90 34


-34.5728 -18.5849 72 34
-36.6709 -19.7081 90 34


0 0 90 34
-39.3097 22.0327 90 34


-39.3097 22.0327 90 34
-48.6601 3.02817 90 34


-48.6601 3.02817 90 34
-36.6709 -19.7081 90 34


-48.6601 3.02817 90 34
0 0 90 34


-36.6709 -19.7081 90 34
0 0 90 34


0 0 74.5 35
-34.5728 -18.5849 72 35


-34.5728 -18.5849 72 35
-23.3144 -39.9354 72 35


-23.3144 -39.9354 72 35
2.43988 -39.108 72 35


-23.3144 -39.9354 72 35
0 0 74.5 35


2.43988 -39.108 72 35
0 0 74.5 35


0 0 74.5 35
0 0 90 35


-34.5728 -18.5849 72 35
-36.6709 -19.7081 90 35


-23.3144 -39.9354 72 35
-24.6817 -42.4444 90 35


2.43988 -39.108 72 35
2.6403 -41.5666 90 35


0 0 90 35
-36.6709 -19.7081 90 35


-36.6709 -19.7081 90 35
-24.6817 -42.4444 90 35


-24.6817 -42.4444 90 35
2.6403 -41.5666 90 35


-24.6817 -42.4444 90 35
0 0 90 35


2.6403 -41.5666 90 35
0 0 90 35


0 0 74.5 36
2.43988 -39.108 72 36


2.43988 -39.108 72 36
28.1941 -38.2806 72 36


28.1941 -38.2806 72 36
37.4498 -18.8517 72 36


28.1941 -38.2806 72 36
0 0 74.5 36


37.4498 -18.8517 72 36
0 0 74.5 36


0 0 74.5 36
0 0 90 36


2.43988 -39.108 72 36
2.6403 -41.5666 90 36


28.1941 -38.2806 72 36
29.9623 -40.6889 90 36


37.4498 -18.8517 72 36
39.826 -19.9837 90 36


0 0 90 36
2.6403 -41.5666 90 36


2.6403 -41.5666 90 36
29.9623 -40.6889 90 36


29.9623 -40.6889 90 36
39.826 -19.9837 90 36


29.9623 -40.6889 90 36
0 0 90 36


39.826 -19.9837 90 36
0 0 90 36


