0 0 0 1
24.7161 -14.9193 0 1


24.7161 -14.9193 0 1
34.3688 0 0 1


34.3688 0 0 1
27.1887 14.1243 0 1


34.3688 0 0 1
0 0 0 1


27.1887 14.1243 0 1
0 0 0 1


0 0 0 1
0 0 20.5 1


24.7161 -14.9193 0 1
25.6655 -15.5336 8 1


34.3688 0 0 1
35.6963 -0.0300041 8 1


27.1887 14.1243 0 1
28.2315 14.6544 8 1


0 0 20.5 1
25.6655 -15.5336 8 1


25.6655 -15.5336 8 1
35.6963 -0.0300041 8 1


35.6963 -0.0300041 8 1
28.2315 14.6544 8 1


35.6963 -0.0300041 8 1
0 0 20.5 1


28.2315 14.6544 8 1
0 0 20.5 1


0 0 0 2
27.1887 14.1243 0 2


27.1887 14.1243 0 2
20.0087 28.2485 0 2


20.0087 28.2485 0 2
1.7131 28.9509 0 2


20.0087 28.2485 0 2
0 0 0 2


1.7131 28.9509 0 2
0 0 0 2


0 0 0 2
0 0 20.5 2


27.1887 14.1243 0 2
28.2315 14.6544 8 2


20.0087 28.2485 0 2
20.7667 29.3387 8 2


1.7131 28.9509 0 2
1.82077 30.0661 8 2


0 0 20.5 2
28.2315 14.6544 8 2


28.2315 14.6544 8 2
20.7667 29.3387 8 2


20.7667 29.3387 8 2
1.82077 30.0661 8 2


20.7667 29.3387 8 2
0 0 20.5 2


1.82077 30.0661 8 2
0 0 20.5 2


0 0 0 3
1.7131 28.9509 0 3


1.7131 28.9509 0 3
-16.5825 29.6532 0 3


-16.5825 29.6532 0 3
-25.2265 15.5963 0 3


-16.5825 29.6532 0 3
0 0 0 3


-25.2265 15.5963 0 3
0 0 0 3


0 0 0 3
0 0 20.5 3


1.7131 28.9509 0 3
1.82077 30.0661 8 3


-16.5825 29.6532 0 3
-17.1252 30.7934 8 3


-25.2265 15.5963 0 3
-26.1099 16.1825 8 3


0 0 20.5 3
1.82077 30.0661 8 3


1.82077 30.0661 8 3
-17.1252 30.7934 8 3


-17.1252 30.7934 8 3
-26.1099 16.1825 8 3


-17.1252 30.7934 8 3
0 0 20.5 3


-26.1099 16.1825 8 3
0 0 20.5 3


0 0 0 4
-25.2265 15.5963 0 4


-25.2265 15.5963 0 4
-33.8706 1.5393 0 4


-33.8706 1.5393 0 4
-25.8524 -14.3387 0 4


-33.8706 1.5393 0 4
0 0 0 4


-25.8524 -14.3387 0 4
0 0 0 4


0 0 0 4
0 0 20.5 4


-25.2265 15.5963 0 4
-26.1099 16.1825 8 4


-33.8706 1.5393 0 4
-35.0945 1.5717 8 4


-25.8524 -14.3387 0 4
-26.7621 -14.9285 8 4


0 0 20.5 4
-26.1099 16.1825 8 4


-26.1099 16.1825 8 4
-35.0945 1.5717 8 4


-35.0945 1.5717 8 4
-26.7621 -14.9285 8 4


-35.0945 1.5717 8 4
0 0 20.5 4


-26.7621 -14.9285 8 4
0 0 20.5 4


0 0 0 5
-25.8524 -14.3387 0 5


-25.8524 -14.3387 0 5
-17.8342 -30.2167 0 5


-17.8342 -30.2167 0 5
-1.38544 -30.0277 0 5


-17.8342 -30.2167 0 5
0 0 0 5


-1.38544 -30.0277 0 5
0 0 0 5


0 0 0 5
0 0 20.5 5


-25.8524 -14.3387 0 5
-26.7621 -14.9285 8 5


-17.8342 -30.2167 0 5
-18.4297 -31.4287 8 5


-1.38544 -30.0277 0 5
-1.39746 -31.233 8 5


0 0 20.5 5
-26.7621 -14.9285 8 5


-26.7621 -14.9285 8 5
-18.4297 -31.4287 8 5


-18.4297 -31.4287 8 5
-1.39746 -31.233 8 5


-18.4297 -31.4287 8 5
0 0 20.5 5


-1.39746 -31.233 8 5
0 0 20.5 5


0 0 0 6
-1.38544 -30.0277 0 6


-1.38544 -30.0277 0 6
15.0634 -29.8387 0 6


15.0634 -29.8387 0 6
24.7161 -14.9193 0 6


15.0634 -29.8387 0 6
0 0 0 6


24.7161 -14.9193 0 6
0 0 0 6


0 0 0 6
0 0 20.5 6


-1.38544 -30.0277 0 6
-1.39746 -31.233 8 6


15.0634 -29.8387 0 6
15.6348 -31.0373 8 6


24.7161 -14.9193 0 6
25.6655 -15.5336 8 6


0 0 20.5 6
-1.39746 -31.233 8 6


-1.39746 -31.233 8 6
15.6348 -31.0373 8 6


15.6348 -31.0373 8 6
25.6655 -15.5336 8 6


15.6348 -31.0373 8 6
0 0 20.5 6


25.6655 -15.5336 8 6
0 0 20.5 6


0 0 20.5 7
25.6655 -15.5336 8 7


25.6655 -15.5336 8 7
35.6963 -0.0300041 8 7


35.6963 -0.0300041 8 7
28.2315 14.6544 8 7


35.6963 -0.0300041 8 7
0 0 20.5 7


28.2315 14.6544 8 7
0 0 20.5 7


0 0 20.5 7
0 0 28 7


25.6655 -15.5336 8 7
27.2084 -16.5319 21 7


35.6963 -0.0300041 8 7
37.8535 -0.0787607 21 7


28.2315 14.6544 8 7
29.9261 15.5158 21 7


0 0 28 7
27.2084 -16.5319 21 7


27.2084 -16.5319 21 7
37.8535 -0.0787607 21 7


37.8535 -0.0787607 21 7
29.9261 15.5158 21 7


37.8535 -0.0787607 21 7
0 0 28 7


29.9261 15.5158 21 7
0 0 28 7


0 0 20.5 8
28.2315 14.6544 8 8


28.2315 14.6544 8 8
20.7667 29.3387 8 8


20.7667 29.3387 8 8
1.82077 30.0661 8 8


20.7667 29.3387 8 8
0 0 20.5 8


1.82077 30.0661 8 8
0 0 20.5 8


0 0 20.5 8
0 0 28 8


28.2315 14.6544 8 8
29.9261 15.5158 21 8


20.7667 29.3387 8 8
21.9986 31.1103 21 8


1.82077 30.0661 8 8
1.99572 31.8782 21 8


0 0 28 8
29.9261 15.5158 21 8


29.9261 15.5158 21 8
21.9986 31.1103 21 8


21.9986 31.1103 21 8
1.99572 31.8782 21 8


21.9986 31.1103 21 8
0 0 28 8


1.99572 31.8782 21 8
0 0 28 8


0 0 20.5 9
1.82077 30.0661 8 9


1.82077 30.0661 8 9
-17.1252 30.7934 8 9


-17.1252 30.7934 8 9
-26.1099 16.1825 8 9


-17.1252 30.7934 8 9
0 0 20.5 9


-26.1099 16.1825 8 9
0 0 20.5 9


0 0 20.5 9
0 0 28 9


1.82077 30.0661 8 9
1.99572 31.8782 21 9


-17.1252 30.7934 8 9
-18.0072 32.6461 21 9


-26.1099 16.1825 8 9
-27.5453 17.1352 21 9


0 0 28 9
1.99572 31.8782 21 9


1.99572 31.8782 21 9
-18.0072 32.6461 21 9


-18.0072 32.6461 21 9
-27.5453 17.1352 21 9


-18.0072 32.6461 21 9
0 0 28 9


-27.5453 17.1352 21 9
0 0 28 9


0 0 20.5 10
-26.1099 16.1825 8 10


-26.1099 16.1825 8 10
-35.0945 1.5717 8 10


-35.0945 1.5717 8 10
-26.7621 -14.9285 8 10


-35.0945 1.5717 8 10
0 0 20.5 10


-26.7621 -14.9285 8 10
0 0 20.5 10


0 0 20.5 10
0 0 28 10


-26.1099 16.1825 8 10
-27.5453 17.1352 21 10


-35.0945 1.5717 8 10
-37.0834 1.62436 21 10


-26.7621 -14.9285 8 10
-28.2404 -15.8869 21 10


0 0 28 10
-27.5453 17.1352 21 10


-27.5453 17.1352 21 10
-37.0834 1.62436 21 10


-37.0834 1.62436 21 10
-28.2404 -15.8869 21 10


-37.0834 1.62436 21 10
0 0 28 10


-28.2404 -15.8869 21 10
0 0 28 10


0 0 20.5 11
-26.7621 -14.9285 8 11


-26.7621 -14.9285 8 11
-18.4297 -31.4287 8 11


-18.4297 -31.4287 8 11
-1.39746 -31.233 8 11


-18.4297 -31.4287 8 11
0 0 20.5 11


-1.39746 -31.233 8 11
0 0 20.5 11


0 0 20.5 11
0 0 28 11


-26.7621 -14.9285 8 11
-28.2404 -15.8869 21 11


-18.4297 -31.4287 8 11
-19.3974 -33.3982 21 11


-1.39746 -31.233 8 11
-1.41701 -33.1916 21 11


0 0 28 11
-28.2404 -15.8869 21 11


-28.2404 -15.8869 21 11
-19.3974 -33.3982 21 11


-19.3974 -33.3982 21 11
-1.41701 -33.1916 21 11


-19.3974 -33.3982 21 11
0 0 28 11


-1.41701 -33.1916 21 11
0 0 28 11


0 0 20.5 12
-1.39746 -31.233 8 12


-1.39746 -31.233 8 12
15.6348 -31.0373 8 12


15.6348 -31.0373 8 12
25.6655 -15.5336 8 12


15.6348 -31.0373 8 12
0 0 20.5 12


25.6655 -15.5336 8 12
0 0 20.5 12


0 0 20.5 12
0 0 28 12


-1.39746 -31.233 8 12
-1.41701 -33.1916 21 12


15.6348 -31.0373 8 12
16.5634 -32.985 21 12


25.6655 -15.5336 8 12
27.2084 -16.5319 21 12


0 0 28 12
-1.41701 -33.1916 21 12


-1.41701 -33.1916 21 12
16.5634 -32.985 21 12


16.5634 -32.985 21 12
27.2084 -16.5319 21 12


16.5634 -32.985 21 12
0 0 28 12


27.2084 -16.5319 21 12
0 0 28 12


0 0 28 13
27.2084 -16.5319 21 13


27.2084 -16.5319 21 13
37.8535 -0.0787607 21 13


37.8535 -0.0787607 21 13
29.9261 15.5158 21 13


37.8535 -0.0787607 21 13
0 0 28 13


29.9261 15.5158 21 13
0 0 28 13


0 0 28 13
0 0 43.5 13


27.2084 -16.5319 21 13
28.9887 -17.6837 36 13


37.8535 -0.0787607 21 13
40.3426 -0.135018 36 13


29.9261 15.5158 21 13
31.8813 16.5097 36 13


0 0 43.5 13
28.9887 -17.6837 36 13


28.9887 -17.6837 36 13
40.3426 -0.135018 36 13


40.3426 -0.135018 36 13
31.8813 16.5097 36 13


40.3426 -0.135018 36 13
0 0 43.5 13


31.8813 16.5097 36 13
0 0 43.5 13


0 0 28 14
29.9261 15.5158 21 14


29.9261 15.5158 21 14
21.9986 31.1103 21 14


21.9986 31.1103 21 14
1.99572 31.8782 21 14


21.9986 31.1103 21 14
0 0 28 14


1.99572 31.8782 21 14
0 0 28 14


0 0 28 14
0 0 43.5 14


29.9261 15.5158 21 14
31.8813 16.5097 36 14


21.9986 31.1103 21 14
23.42 33.1545 36 14


1.99572 31.8782 21 14
2.19759 33.9692 36 14


0 0 43.5 14
31.8813 16.5097 36 14


31.8813 16.5097 36 14
23.42 33.1545 36 14


23.42 33.1545 36 14
2.19759 33.9692 36 14


23.42 33.1545 36 14
0 0 43.5 14


2.19759 33.9692 36 14
0 0 43.5 14


0 0 28 15
1.99572 31.8782 21 15


1.99572 31.8782 21 15
-18.0072 32.6461 21 15


-18.0072 32.6461 21 15
-27.5453 17.1352 21 15


-18.0072 32.6461 21 15
0 0 28 15


-27.5453 17.1352 21 15
0 0 28 15


0 0 28 15
0 0 43.5 15


1.99572 31.8782 21 15
2.19759 33.9692 36 15


-18.0072 32.6461 21 15
-19.0248 34.7839 36 15


-27.5453 17.1352 21 15
-29.2015 18.2345 36 15


0 0 43.5 15
2.19759 33.9692 36 15


2.19759 33.9692 36 15
-19.0248 34.7839 36 15


-19.0248 34.7839 36 15
-29.2015 18.2345 36 15


-19.0248 34.7839 36 15
0 0 43.5 15


-29.2015 18.2345 36 15
0 0 43.5 15


0 0 28 16
-27.5453 17.1352 21 16


-27.5453 17.1352 21 16
-37.0834 1.62436 21 16


-37.0834 1.62436 21 16
-28.2404 -15.8869 21 16


-37.0834 1.62436 21 16
0 0 28 16


-28.2404 -15.8869 21 16
0 0 28 16


0 0 28 16
0 0 43.5 16


-27.5453 17.1352 21 16
-29.2015 18.2345 36 16


-37.0834 1.62436 21 16
-39.3783 1.68512 36 16


-28.2404 -15.8869 21 16
-29.9461 -16.9928 36 16


0 0 43.5 16
-29.2015 18.2345 36 16


-29.2015 18.2345 36 16
-39.3783 1.68512 36 16


-39.3783 1.68512 36 16
-29.9461 -16.9928 36 16


-39.3783 1.68512 36 16
0 0 43.5 16


-29.9461 -16.9928 36 16
0 0 43.5 16


0 0 28 17
-28.2404 -15.8869 21 17


-28.2404 -15.8869 21 17
-19.3974 -33.3982 21 17


-19.3974 -33.3982 21 17
-1.41701 -33.1916 21 17


-19.3974 -33.3982 21 17
0 0 28 17


-1.41701 -33.1916 21 17
0 0 28 17


0 0 28 17
0 0 43.5 17


-28.2404 -15.8869 21 17
-29.9461 -16.9928 36 17


-19.3974 -33.3982 21 17
-20.514 -35.6708 36 17


-1.41701 -33.1916 21 17
-1.43957 -35.4516 36 17


0 0 43.5 17
-29.9461 -16.9928 36 17


-29.9461 -16.9928 36 17
-20.514 -35.6708 36 17


-20.514 -35.6708 36 17
-1.43957 -35.4516 36 17


-20.514 -35.6708 36 17
0 0 43.5 17


-1.43957 -35.4516 36 17
0 0 43.5 17


0 0 28 18
-1.41701 -33.1916 21 18


-1.41701 -33.1916 21 18
16.5634 -32.985 21 18


16.5634 -32.985 21 18
27.2084 -16.5319 21 18


16.5634 -32.985 21 18
0 0 28 18


27.2084 -16.5319 21 18
0 0 28 18


0 0 28 18
0 0 43.5 18


-1.41701 -33.1916 21 18
-1.43957 -35.4516 36 18


16.5634 -32.985 21 18
17.6348 -35.2324 36 18


27.2084 -16.5319 21 18
28.9887 -17.6837 36 18


0 0 43.5 18
-1.43957 -35.4516 36 18


-1.43957 -35.4516 36 18
17.6348 -35.2324 36 18


17.6348 -35.2324 36 18
28.9887 -17.6837 36 18


17.6348 -35.2324 36 18
0 0 43.5 18


28.9887 -17.6837 36 18
0 0 43.5 18


0 0 43.5 19
28.9887 -17.6837 36 19


28.9887 -17.6837 36 19
40.3426 -0.135018 36 19


40.3426 -0.135018 36 19
31.8813 16.5097 36 19


40.3426 -0.135018 36 19
0 0 43.5 19


31.8813 16.5097 36 19
0 0 43.5 19


0 0 43.5 19
0 0 59 19


28.9887 -17.6837 36 19
31.1251 -19.0659 54 19


40.3426 -0.135018 36 19
43.3295 -0.202528 54 19


31.8813 16.5097 36 19
34.2276 17.7025 54 19


0 0 59 19
31.1251 -19.0659 54 19


31.1251 -19.0659 54 19
43.3295 -0.202528 54 19


43.3295 -0.202528 54 19
34.2276 17.7025 54 19


43.3295 -0.202528 54 19
0 0 59 19


34.2276 17.7025 54 19
0 0 59 19


0 0 43.5 20
31.8813 16.5097 36 20


31.8813 16.5097 36 20
23.42 33.1545 36 20


23.42 33.1545 36 20
2.19759 33.9692 36 20


23.42 33.1545 36 20
0 0 43.5 20


2.19759 33.9692 36 20
0 0 43.5 20


0 0 43.5 20
0 0 59 20


31.8813 16.5097 36 20
34.2276 17.7025 54 20


23.42 33.1545 36 20
25.1256 35.6074 54 20


2.19759 33.9692 36 20
2.43984 36.4783 54 20


0 0 59 20
34.2276 17.7025 54 20


34.2276 17.7025 54 20
25.1256 35.6074 54 20


25.1256 35.6074 54 20
2.43984 36.4783 54 20


25.1256 35.6074 54 20
0 0 59 20


2.43984 36.4783 54 20
0 0 59 20


0 0 43.5 21
2.19759 33.9692 36 21


2.19759 33.9692 36 21
-19.0248 34.7839 36 21


-19.0248 34.7839 36 21
-29.2015 18.2345 36 21


-19.0248 34.7839 36 21
0 0 43.5 21


-29.2015 18.2345 36 21
0 0 43.5 21


0 0 43.5 21
0 0 59 21


2.19759 33.9692 36 21
2.43984 36.4783 54 21


-19.0248 34.7839 36 21
-20.2459 37.3492 54 21


-29.2015 18.2345 36 21
-31.189 19.5536 54 21


0 0 59 21
2.43984 36.4783 54 21


2.43984 36.4783 54 21
-20.2459 37.3492 54 21


-20.2459 37.3492 54 21
-31.189 19.5536 54 21


-20.2459 37.3492 54 21
0 0 59 21


-31.189 19.5536 54 21
0 0 59 21


0 0 43.5 22
-29.2015 18.2345 36 22


-29.2015 18.2345 36 22
-39.3783 1.68512 36 22


-39.3783 1.68512 36 22
-29.9461 -16.9928 36 22


-39.3783 1.68512 36 22
0 0 43.5 22


-29.9461 -16.9928 36 22
0 0 43.5 22


0 0 43.5 22
0 0 59 22


-29.2015 18.2345 36 22
-31.189 19.5536 54 22


-39.3783 1.68512 36 22
-42.1321 1.75804 54 22


-29.9461 -16.9928 36 22
-31.993 -18.3199 54 22


0 0 59 22
-31.189 19.5536 54 22


-31.189 19.5536 54 22
-42.1321 1.75804 54 22


-42.1321 1.75804 54 22
-31.993 -18.3199 54 22


-42.1321 1.75804 54 22
0 0 59 22


-31.993 -18.3199 54 22
0 0 59 22


0 0 43.5 23
-29.9461 -16.9928 36 23


-29.9461 -16.9928 36 23
-20.514 -35.6708 36 23


-20.514 -35.6708 36 23
-1.43957 -35.4516 36 23


-20.514 -35.6708 36 23
0 0 43.5 23


-1.43957 -35.4516 36 23
0 0 43.5 23


0 0 43.5 23
0 0 59 23


-29.9461 -16.9928 36 23
-31.993 -18.3199 54 23


-20.514 -35.6708 36 23
-21.8539 -38.3978 54 23


-1.43957 -35.4516 36 23
-1.46663 -38.1636 54 23


0 0 59 23
-31.993 -18.3199 54 23


-31.993 -18.3199 54 23
-21.8539 -38.3978 54 23


-21.8539 -38.3978 54 23
-1.46663 -38.1636 54 23


-21.8539 -38.3978 54 23
0 0 59 23


-1.46663 -38.1636 54 23
0 0 59 23


0 0 43.5 24
-1.43957 -35.4516 36 24


-1.43957 -35.4516 36 24
17.6348 -35.2324 36 24


17.6348 -35.2324 36 24
28.9887 -17.6837 36 24


17.6348 -35.2324 36 24
0 0 43.5 24


28.9887 -17.6837 36 24
0 0 43.5 24


0 0 43.5 24
0 0 59 24


-1.43957 -35.4516 36 24
-1.46663 -38.1636 54 24


17.6348 -35.2324 36 24
18.9206 -37.9293 54 24


28.9887 -17.6837 36 24
31.1251 -19.0659 54 24


0 0 59 24
-1.46663 -38.1636 54 24


-1.46663 -38.1636 54 24
18.9206 -37.9293 54 24


18.9206 -37.9293 54 24
31.1251 -19.0659 54 24


18.9206 -37.9293 54 24
0 0 59 24


31.1251 -19.0659 54 24
0 0 59 24


0 0 59 25
31.1251 -19.0659 54 25


31.1251 -19.0659 54 25
43.3295 -0.202528 54 25


43.3295 -0.202528 54 25
34.2276 17.7025 54 25


43.3295 -0.202528 54 25
0 0 59 25


34.2276 17.7025 54 25
0 0 59 25


0 0 59 25
0 0 74.5 25


31.1251 -19.0659 54 25
33.2614 -20.4481 72 25


43.3295 -0.202528 54 25
46.3165 -0.270037 72 25


34.2276 17.7025 54 25
36.5739 18.8952 72 25


0 0 74.5 25
33.2614 -20.4481 72 25


33.2614 -20.4481 72 25
46.3165 -0.270037 72 25


46.3165 -0.270037 72 25
36.5739 18.8952 72 25


46.3165 -0.270037 72 25
0 0 74.5 25


36.5739 18.8952 72 25
0 0 74.5 25


0 0 59 26
34.2276 17.7025 54 26


34.2276 17.7025 54 26
25.1256 35.6074 54 26


25.1256 35.6074 54 26
2.43984 36.4783 54 26


25.1256 35.6074 54 26
0 0 59 26


2.43984 36.4783 54 26
0 0 59 26


0 0 59 26
0 0 74.5 26


34.2276 17.7025 54 26
36.5739 18.8952 72 26


25.1256 35.6074 54 26
26.8313 38.0604 72 26


2.43984 36.4783 54 26
2.68208 38.9875 72 26


0 0 74.5 26
36.5739 18.8952 72 26


36.5739 18.8952 72 26
26.8313 38.0604 72 26


26.8313 38.0604 72 26
2.68208 38.9875 72 26


26.8313 38.0604 72 26
0 0 74.5 26


2.68208 38.9875 72 26
0 0 74.5 26


0 0 59 27
2.43984 36.4783 54 27


2.43984 36.4783 54 27
-20.2459 37.3492 54 27


-20.2459 37.3492 54 27
-31.189 19.5536 54 27


-20.2459 37.3492 54 27
0 0 59 27


-31.189 19.5536 54 27
0 0 59 27


0 0 59 27
0 0 74.5 27


2.43984 36.4783 54 27
2.68208 38.9875 72 27


-20.2459 37.3492 54 27
-21.4671 39.9146 72 27


-31.189 19.5536 54 27
-33.1765 20.8728 72 27


0 0 74.5 27
2.68208 38.9875 72 27


2.68208 38.9875 72 27
-21.4671 39.9146 72 27


-21.4671 39.9146 72 27
-33.1765 20.8728 72 27


-21.4671 39.9146 72 27
0 0 74.5 27


-33.1765 20.8728 72 27
0 0 74.5 27


0 0 59 28
-31.189 19.5536 54 28


-31.189 19.5536 54 28
-42.1321 1.75804 54 28


-42.1321 1.75804 54 28
-31.993 -18.3199 54 28


-42.1321 1.75804 54 28
0 0 59 28


-31.993 -18.3199 54 28
0 0 59 28


0 0 59 28
0 0 74.5 28


-31.189 19.5536 54 28
-33.1765 20.8728 72 28


-42.1321 1.75804 54 28
-44.8859 1.83095 72 28


-31.993 -18.3199 54 28
-34.0398 -19.647 72 28


0 0 74.5 28
-33.1765 20.8728 72 28


-33.1765 20.8728 72 28
-44.8859 1.83095 72 28


-44.8859 1.83095 72 28
-34.0398 -19.647 72 28


-44.8859 1.83095 72 28
0 0 74.5 28


-34.0398 -19.647 72 28
0 0 74.5 28


0 0 59 29
-31.993 -18.3199 54 29


-31.993 -18.3199 54 29
-21.8539 -38.3978 54 29


-21.8539 -38.3978 54 29
-1.46663 -38.1636 54 29


-21.8539 -38.3978 54 29
0 0 59 29


-1.46663 -38.1636 54 29
0 0 59 29


0 0 59 29
0 0 74.5 29


-31.993 -18.3199 54 29
-34.0398 -19.647 72 29


-21.8539 -38.3978 54 29
-23.1937 -41.1249 72 29


-1.46663 -38.1636 54 29
-1.4937 -40.8755 72 29


0 0 74.5 29
-34.0398 -19.647 72 29


-34.0398 -19.647 72 29
-23.1937 -41.1249 72 29


-23.1937 -41.1249 72 29
-1.4937 -40.8755 72 29


-23.1937 -41.1249 72 29
0 0 74.5 29


-1.4937 -40.8755 72 29
0 0 74.5 29


0 0 59 30
-1.46663 -38.1636 54 30


-1.46663 -38.1636 54 30
18.9206 -37.9293 54 30


18.9206 -37.9293 54 30
31.1251 -19.0659 54 30


18.9206 -37.9293 54 30
0 0 59 30


31.1251 -19.0659 54 30
0 0 59 30


0 0 59 30
0 0 74.5 30


-1.46663 -38.1636 54 30
-1.4937 -40.8755 72 30


18.9206 -37.9293 54 30
20.2063 -40.6262 72 30


31.1251 -19.0659 54 30
33.2614 -20.4481 72 30


0 0 74.5 30
-1.4937 -40.8755 72 30


-1.4937 -40.8755 72 30
20.2063 -40.6262 72 30


20.2063 -40.6262 72 30
33.2614 -20.4481 72 30


20.2063 -40.6262 72 30
0 0 74.5 30


33.2614 -20.4481 72 30
0 0 74.5 30


0 0 74.5 31
33.2614 -20.4481 72 31


33.2614 -20.4481 72 31
46.3165 -0.270037 72 31


46.3165 -0.270037 72 31
36.5739 18.8952 72 31


46.3165 -0.270037 72 31
0 0 74.5 31


36.5739 18.8952 72 31
0 0 74.5 31


0 0 74.5 31
0 0 90 31


33.2614 -20.4481 72 31
35.3977 -21.8303 90 31


46.3165 -0.270037 72 31
49.3034 -0.337546 90 31


36.5739 18.8952 72 31
38.9202 20.0879 90 31


0 0 90 31
35.3977 -21.8303 90 31


35.3977 -21.8303 90 31
49.3034 -0.337546 90 31


49.3034 -0.337546 90 31
38.9202 20.0879 90 31


49.3034 -0.337546 90 31
0 0 90 31


38.9202 20.0879 90 31
0 0 90 31


0 0 74.5 32
36.5739 18.8952 72 32


36.5739 18.8952 72 32
26.8313 38.0604 72 32


26.8313 38.0604 72 32
2.68208 38.9875 72 32


26.8313 38.0604 72 32
0 0 74.5 32


2.68208 38.9875 72 32
0 0 74.5 32


0 0 74.5 32
0 0 90 32


36.5739 18.8952 72 32
38.9202 20.0879 90 32


26.8313 38.0604 72 32
28.5369 40.5134 90 32


2.68208 38.9875 72 32
2.92433 41.4966 90 32


0 0 90 32
38.9202 20.0879 90 32


38.9202 20.0879 90 32
28.5369 40.5134 90 32


28.5369 40.5134 90 32
2.92433 41.4966 90 32


28.5369 40.5134 90 32
0 0 90 32


2.92433 41.4966 90 32
0 0 90 32


0 0 74.5 33
2.68208 38.9875 72 33


2.68208 38.9875 72 33
-21.4671 39.9146 72 33


-21.4671 39.9146 72 33
-33.1765 20.8728 72 33


-21.4671 39.9146 72 33
0 0 74.5 33


-33.1765 20.8728 72 33
0 0 74.5 33


0 0 74.5 33
0 0 90 33


2.68208 38.9875 72 33
2.92433 41.4966 90 33


-21.4671 39.9146 72 33
-22.6883 42.4799 90 33


-33.1765 20.8728 72 33
-35.164 22.1919 90 33


0 0 90 33
2.92433 41.4966 90 33


2.92433 41.4966 90 33
-22.6883 42.4799 90 33


-22.6883 42.4799 90 33
-35.164 22.1919 90 33


-22.6883 42.4799 90 33
0 0 90 33


-35.164 22.1919 90 33
0 0 90 33


0 0 74.5 34
-33.1765 20.8728 72 34


-33.1765 20.8728 72 34
-44.8859 1.83095 72 34


-44.8859 1.83095 72 34
-34.0398 -19.647 72 34


-44.8859 1.83095 72 34
0 0 74.5 34


-34.0398 -19.647 72 34
0 0 74.5 34


0 0 74.5 34
0 0 90 34


-33.1765 20.8728 72 34
-35.164 22.1919 90 34


-44.8859 1.83095 72 34
-47.6398 1.90386 90 34


-34.0398 -19.647 72 34
-36.0867 -20.974 90 34


0 0 90 34
-35.164 22.1919 90 34


-35.164 22.1919 90 34
-47.6398 1.90386 90 34


-47.6398 1.90386 90 34
-36.0867 -20.974 90 34


-47.6398 1.90386 90 34
0 0 90 34


-36.0867 -20.974 90 34
0 0 90 34


0 0 74.5 35
-34.0398 -19.647 72 35


-34.0398 -19.647 72 35
-23.1937 -41.1249 72 35


-23.1937 -41.1249 72 35
-1.4937 -40.8755 72 35


-23.1937 -41.1249 72 35
0 0 74.5 35


-1.4937 -40.8755 72 35
0 0 74.5 35


0 0 74.5 35
0 0 90 35


-34.0398 -19.647 72 35
-36.0867 -20.974 90 35


-23.1937 -41.1249 72 35
-24.5336 -43.8519 90 35


-1.4937 -40.8755 72 35
-1.52076 -43.5875 90 35


0 0 90 35
-36.0867 -20.974 90 35


-36.0867 -20.974 90 35
-24.5336 -43.8519 90 35


-24.5336 -43.8519 90 35
-1.52076 -43.5875 90 35


-24.5336 -43.8519 90 35
0 0 90 35


-1.52076 -43.5875 90 35
0 0 90 35


0 0 74.5 36
-1.4937 -40.8755 72 36


-1.4937 -40.8755 72 36
20.2063 -40.6262 72 36


20.2063 -40.6262 72 36
33.2614 -20.4481 72 36


20.2063 -40.6262 72 36
0 0 74.5 36


33.2614 -20.4481 72 36
0 0 74.5 36


0 0 74.5 36
0 0 90 36


-1.4937 -40.8755 72 36
-1.52076 -43.5875 90 36


20.2063 -40.6262 72 36
21.4921 -43.3231 90 36


33.2614 -20.4481 72 36
35.3977 -21.8303 90 36


0 0 90 36
-1.52076 -43.5875 90 36


-1.52076 -43.5875 90 36
21.4921 -43.3231 90 36


21.4921 -43.3231 90 36
35.3977 -21.8303 90 36


21.4921 -43.3231 90 36
0 0 90 36


35.3977 -21.8303 90 36
0 0 90 36


