0 0 0 1
24.7465 -14.985 0 1


24.7465 -14.985 0 1
33.9062 -0 0 1


33.9062 -0 0 1
24.6324 15.2307 0 1


33.9062 -0 0 1
0 0 0 1


24.6324 15.2307 0 1
0 0 0 1


0 0 0 1
0 0 20.5 1


24.7465 -14.985 0 1
25.7159 -15.5776 8 1


33.9062 -0 0 1
35.234 -0.00628533 8 1


24.6324 15.2307 0 1
25.5983 15.8189 8 1


0 0 20.5 1
25.7159 -15.5776 8 1


25.7159 -15.5776 8 1
35.234 -0.00628533 8 1


35.234 -0.00628533 8 1
25.5983 15.8189 8 1


35.234 -0.00628533 8 1
0 0 20.5 1


25.5983 15.8189 8 1
0 0 20.5 1


0 0 0 2
24.6324 15.2307 0 2


24.6324 15.2307 0 2
15.3586 30.4615 0 2


15.3586 30.4615 0 2
-2.71112 28.891 0 2


15.3586 30.4615 0 2
0 0 0 2


-2.71112 28.891 0 2
0 0 0 2


0 0 0 2
0 0 20.5 2


24.6324 15.2307 0 2
25.5983 15.8189 8 2


15.3586 30.4615 0 2
15.9626 31.644 8 2


-2.71112 28.891 0 2
-2.75496 30.0172 8 2


0 0 20.5 2
25.5983 15.8189 8 2


25.5983 15.8189 8 2
15.9626 31.644 8 2


15.9626 31.644 8 2
-2.75496 30.0172 8 2


15.9626 31.644 8 2
0 0 20.5 2


-2.75496 30.0172 8 2
0 0 20.5 2


0 0 0 3
-2.71112 28.891 0 3


-2.71112 28.891 0 3
-20.7809 27.3205 0 3


-20.7809 27.3205 0 3
-27.323 12.0671 0 3


-20.7809 27.3205 0 3
0 0 0 3


-27.323 12.0671 0 3
0 0 0 3


0 0 0 3
0 0 20.5 3


-2.71112 28.891 0 3
-2.75496 30.0172 8 3


-20.7809 27.3205 0 3
-21.4725 28.3904 8 3


-27.323 12.0671 0 3
-28.2703 12.5411 8 3


0 0 20.5 3
-2.75496 30.0172 8 3


-2.75496 30.0172 8 3
-21.4725 28.3904 8 3


-21.4725 28.3904 8 3
-28.2703 12.5411 8 3


-21.4725 28.3904 8 3
0 0 20.5 3


-28.2703 12.5411 8 3
0 0 20.5 3


0 0 0 4
-27.323 12.0671 0 4


-27.323 12.0671 0 4
-33.8651 -3.18619 0 4


-33.8651 -3.18619 0 4
-27.3632 -15.392 0 4


-33.8651 -3.18619 0 4
0 0 0 4


-27.3632 -15.392 0 4
0 0 0 4


0 0 0 4
0 0 20.5 4


-27.323 12.0671 0 4
-28.2703 12.5411 8 4


-33.8651 -3.18619 0 4
-35.068 -3.3083 8 4


-27.3632 -15.392 0 4
-28.3071 -16.0003 8 4


0 0 20.5 4
-28.2703 12.5411 8 4


-28.2703 12.5411 8 4
-35.068 -3.3083 8 4


-35.068 -3.3083 8 4
-28.3071 -16.0003 8 4


-35.068 -3.3083 8 4
0 0 20.5 4


-28.3071 -16.0003 8 4
0 0 20.5 4


0 0 0 5
-27.3632 -15.392 0 5


-27.3632 -15.392 0 5
-20.8613 -27.5978 0 5


-20.8613 -27.5978 0 5
-2.63729 -28.784 0 5


-20.8613 -27.5978 0 5
0 0 0 5


-2.63729 -28.784 0 5
0 0 0 5


0 0 0 5
0 0 20.5 5


-27.3632 -15.392 0 5
-28.3071 -16.0003 8 5


-20.8613 -27.5978 0 5
-21.5462 -28.6924 8 5


-2.63729 -28.784 0 5
-2.67421 -29.9207 8 5


0 0 20.5 5
-28.3071 -16.0003 8 5


-28.3071 -16.0003 8 5
-21.5462 -28.6924 8 5


-21.5462 -28.6924 8 5
-2.67421 -29.9207 8 5


-21.5462 -28.6924 8 5
0 0 20.5 5


-2.67421 -29.9207 8 5
0 0 20.5 5


0 0 0 6
-2.63729 -28.784 0 6


-2.63729 -28.784 0 6
15.5867 -29.9701 0 6


15.5867 -29.9701 0 6
24.7465 -14.985 0 6


15.5867 -29.9701 0 6
0 0 0 6


24.7465 -14.985 0 6
0 0 0 6


0 0 0 6
0 0 20.5 6


-2.63729 -28.784 0 6
-2.67421 -29.9207 8 6


15.5867 -29.9701 0 6
16.1978 -31.149 8 6


24.7465 -14.985 0 6
25.7159 -15.5776 8 6


0 0 20.5 6
-2.67421 -29.9207 8 6


-2.67421 -29.9207 8 6
16.1978 -31.149 8 6


16.1978 -31.149 8 6
25.7159 -15.5776 8 6


16.1978 -31.149 8 6
0 0 20.5 6


25.7159 -15.5776 8 6
0 0 20.5 6


0 0 20.5 7
25.7159 -15.5776 8 7


25.7159 -15.5776 8 7
35.234 -0.00628533 8 7


35.234 -0.00628533 8 7
25.5983 15.8189 8 7


35.234 -0.00628533 8 7
0 0 20.5 7


25.5983 15.8189 8 7
0 0 20.5 7


0 0 20.5 7
0 0 28 7


25.7159 -15.5776 8 7
27.2913 -16.5406 21 7


35.234 -0.00628533 8 7
37.3918 -0.016499 21 7


25.5983 15.8189 8 7
27.1679 16.7746 21 7


0 0 28 7
27.2913 -16.5406 21 7


27.2913 -16.5406 21 7
37.3918 -0.016499 21 7


37.3918 -0.016499 21 7
27.1679 16.7746 21 7


37.3918 -0.016499 21 7
0 0 28 7


27.1679 16.7746 21 7
0 0 28 7


0 0 20.5 8
25.5983 15.8189 8 8


25.5983 15.8189 8 8
15.9626 31.644 8 8


15.9626 31.644 8 8
-2.75496 30.0172 8 8


15.9626 31.644 8 8
0 0 20.5 8


-2.75496 30.0172 8 8
0 0 20.5 8


0 0 20.5 8
0 0 28 8


25.5983 15.8189 8 8
27.1679 16.7746 21 8


15.9626 31.644 8 8
16.9441 33.5657 21 8


-2.75496 30.0172 8 8
-2.8262 31.8474 21 8


0 0 28 8
27.1679 16.7746 21 8


27.1679 16.7746 21 8
16.9441 33.5657 21 8


16.9441 33.5657 21 8
-2.8262 31.8474 21 8


16.9441 33.5657 21 8
0 0 28 8


-2.8262 31.8474 21 8
0 0 28 8


0 0 20.5 9
-2.75496 30.0172 8 9


-2.75496 30.0172 8 9
-21.4725 28.3904 8 9


-21.4725 28.3904 8 9
-28.2703 12.5411 8 9


-21.4725 28.3904 8 9
0 0 20.5 9


-28.2703 12.5411 8 9
0 0 20.5 9


0 0 20.5 9
0 0 28 9


-2.75496 30.0172 8 9
-2.8262 31.8474 21 9


-21.4725 28.3904 8 9
-22.5965 30.1291 21 9


-28.2703 12.5411 8 9
-29.8096 13.3112 21 9


0 0 28 9
-2.8262 31.8474 21 9


-2.8262 31.8474 21 9
-22.5965 30.1291 21 9


-22.5965 30.1291 21 9
-29.8096 13.3112 21 9


-22.5965 30.1291 21 9
0 0 28 9


-29.8096 13.3112 21 9
0 0 28 9


0 0 20.5 10
-28.2703 12.5411 8 10


-28.2703 12.5411 8 10
-35.068 -3.3083 8 10


-35.068 -3.3083 8 10
-28.3071 -16.0003 8 10


-35.068 -3.3083 8 10
0 0 20.5 10


-28.3071 -16.0003 8 10
0 0 20.5 10


0 0 20.5 10
0 0 28 10


-28.2703 12.5411 8 10
-29.8096 13.3112 21 10


-35.068 -3.3083 8 10
-37.0228 -3.50673 21 10


-28.3071 -16.0003 8 10
-29.841 -16.9889 21 10


0 0 28 10
-29.8096 13.3112 21 10


-29.8096 13.3112 21 10
-37.0228 -3.50673 21 10


-37.0228 -3.50673 21 10
-29.841 -16.9889 21 10


-37.0228 -3.50673 21 10
0 0 28 10


-29.841 -16.9889 21 10
0 0 28 10


0 0 20.5 11
-28.3071 -16.0003 8 11


-28.3071 -16.0003 8 11
-21.5462 -28.6924 8 11


-21.5462 -28.6924 8 11
-2.67421 -29.9207 8 11


-21.5462 -28.6924 8 11
0 0 20.5 11


-2.67421 -29.9207 8 11
0 0 20.5 11


0 0 20.5 11
0 0 28 11


-28.3071 -16.0003 8 11
-29.841 -16.9889 21 11


-21.5462 -28.6924 8 11
-22.6592 -30.471 21 11


-2.67421 -29.9207 8 11
-2.73421 -31.7679 21 11


0 0 28 11
-29.841 -16.9889 21 11


-29.841 -16.9889 21 11
-22.6592 -30.471 21 11


-22.6592 -30.471 21 11
-2.73421 -31.7679 21 11


-22.6592 -30.471 21 11
0 0 28 11


-2.73421 -31.7679 21 11
0 0 28 11


0 0 20.5 12
-2.67421 -29.9207 8 12


-2.67421 -29.9207 8 12
16.1978 -31.149 8 12


16.1978 -31.149 8 12
25.7159 -15.5776 8 12


16.1978 -31.149 8 12
0 0 20.5 12


25.7159 -15.5776 8 12
0 0 20.5 12


0 0 20.5 12
0 0 28 12


-2.67421 -29.9207 8 12
-2.73421 -31.7679 21 12


16.1978 -31.149 8 12
17.1908 -33.0647 21 12


25.7159 -15.5776 8 12
27.2913 -16.5406 21 12


0 0 28 12
-2.73421 -31.7679 21 12


-2.73421 -31.7679 21 12
17.1908 -33.0647 21 12


17.1908 -33.0647 21 12
27.2913 -16.5406 21 12


17.1908 -33.0647 21 12
0 0 28 12


27.2913 -16.5406 21 12
0 0 28 12


0 0 28 13
27.2913 -16.5406 21 13


27.2913 -16.5406 21 13
37.3918 -0.016499 21 13


37.3918 -0.016499 21 13
27.1679 16.7746 21 13


37.3918 -0.016499 21 13
0 0 28 13


27.1679 16.7746 21 13
0 0 28 13


0 0 28 13
0 0 43.5 13


27.2913 -16.5406 21 13
29.109 -17.6517 36 13


37.3918 -0.016499 21 13
39.8815 -0.028284 36 13


27.1679 16.7746 21 13
28.979 17.8773 36 13


0 0 43.5 13
29.109 -17.6517 36 13


29.109 -17.6517 36 13
39.8815 -0.028284 36 13


39.8815 -0.028284 36 13
28.979 17.8773 36 13


39.8815 -0.028284 36 13
0 0 43.5 13


28.979 17.8773 36 13
0 0 43.5 13


0 0 28 14
27.1679 16.7746 21 14


27.1679 16.7746 21 14
16.9441 33.5657 21 14


16.9441 33.5657 21 14
-2.8262 31.8474 21 14


16.9441 33.5657 21 14
0 0 28 14


-2.8262 31.8474 21 14
0 0 28 14


0 0 28 14
0 0 43.5 14


27.1679 16.7746 21 14
28.979 17.8773 36 14


16.9441 33.5657 21 14
18.0766 35.783 36 14


-2.8262 31.8474 21 14
-2.9084 33.9591 36 14


0 0 43.5 14
28.979 17.8773 36 14


28.979 17.8773 36 14
18.0766 35.783 36 14


18.0766 35.783 36 14
-2.9084 33.9591 36 14


18.0766 35.783 36 14
0 0 43.5 14


-2.9084 33.9591 36 14
0 0 43.5 14


0 0 28 15
-2.8262 31.8474 21 15


-2.8262 31.8474 21 15
-22.5965 30.1291 21 15


-22.5965 30.1291 21 15
-29.8096 13.3112 21 15


-22.5965 30.1291 21 15
0 0 28 15


-29.8096 13.3112 21 15
0 0 28 15


0 0 28 15
0 0 43.5 15


-2.8262 31.8474 21 15
-2.9084 33.9591 36 15


-22.5965 30.1291 21 15
-23.8934 32.1352 36 15


-29.8096 13.3112 21 15
-31.5858 14.1998 36 15


0 0 43.5 15
-2.9084 33.9591 36 15


-2.9084 33.9591 36 15
-23.8934 32.1352 36 15


-23.8934 32.1352 36 15
-31.5858 14.1998 36 15


-23.8934 32.1352 36 15
0 0 43.5 15


-31.5858 14.1998 36 15
0 0 43.5 15


0 0 28 16
-29.8096 13.3112 21 16


-29.8096 13.3112 21 16
-37.0228 -3.50673 21 16


-37.0228 -3.50673 21 16
-29.841 -16.9889 21 16


-37.0228 -3.50673 21 16
0 0 28 16


-29.841 -16.9889 21 16
0 0 28 16


0 0 28 16
0 0 43.5 16


-29.8096 13.3112 21 16
-31.5858 14.1998 36 16


-37.0228 -3.50673 21 16
-39.2783 -3.73569 36 16


-29.841 -16.9889 21 16
-31.6109 -18.1295 36 16


0 0 43.5 16
-31.5858 14.1998 36 16


-31.5858 14.1998 36 16
-39.2783 -3.73569 36 16


-39.2783 -3.73569 36 16
-31.6109 -18.1295 36 16


-39.2783 -3.73569 36 16
0 0 43.5 16


-31.6109 -18.1295 36 16
0 0 43.5 16


0 0 28 17
-29.841 -16.9889 21 17


-29.841 -16.9889 21 17
-22.6592 -30.471 21 17


-22.6592 -30.471 21 17
-2.73421 -31.7679 21 17


-22.6592 -30.471 21 17
0 0 28 17


-2.73421 -31.7679 21 17
0 0 28 17


0 0 28 17
0 0 43.5 17


-29.841 -16.9889 21 17
-31.6109 -18.1295 36 17


-22.6592 -30.471 21 17
-23.9435 -32.5233 36 17


-2.73421 -31.7679 21 17
-2.80345 -33.8992 36 17


0 0 43.5 17
-31.6109 -18.1295 36 17


-31.6109 -18.1295 36 17
-23.9435 -32.5233 36 17


-23.9435 -32.5233 36 17
-2.80345 -33.8992 36 17


-23.9435 -32.5233 36 17
0 0 43.5 17


-2.80345 -33.8992 36 17
0 0 43.5 17


0 0 28 18
-2.73421 -31.7679 21 18


-2.73421 -31.7679 21 18
17.1908 -33.0647 21 18


17.1908 -33.0647 21 18
27.2913 -16.5406 21 18


17.1908 -33.0647 21 18
0 0 28 18


27.2913 -16.5406 21 18
0 0 28 18


0 0 28 18
0 0 43.5 18


-2.73421 -31.7679 21 18
-2.80345 -33.8992 36 18


17.1908 -33.0647 21 18
18.3366 -35.2751 36 18


27.2913 -16.5406 21 18
29.109 -17.6517 36 18


0 0 43.5 18
-2.80345 -33.8992 36 18


-2.80345 -33.8992 36 18
18.3366 -35.2751 36 18


18.3366 -35.2751 36 18
29.109 -17.6517 36 18


18.3366 -35.2751 36 18
0 0 43.5 18


29.109 -17.6517 36 18
0 0 43.5 18


0 0 43.5 19
29.109 -17.6517 36 19


29.109 -17.6517 36 19
39.8815 -0.028284 36 19


39.8815 -0.028284 36 19
28.979 17.8773 36 19


39.8815 -0.028284 36 19
0 0 43.5 19


28.979 17.8773 36 19
0 0 43.5 19


0 0 43.5 19
0 0 59 19


29.109 -17.6517 36 19
31.2903 -18.985 54 19


39.8815 -0.028284 36 19
42.8692 -0.042426 54 19


28.979 17.8773 36 19
31.1523 19.2006 54 19


0 0 59 19
31.2903 -18.985 54 19


31.2903 -18.985 54 19
42.8692 -0.042426 54 19


42.8692 -0.042426 54 19
31.1523 19.2006 54 19


42.8692 -0.042426 54 19
0 0 59 19


31.1523 19.2006 54 19
0 0 59 19


0 0 43.5 20
28.979 17.8773 36 20


28.979 17.8773 36 20
18.0766 35.783 36 20


18.0766 35.783 36 20
-2.9084 33.9591 36 20


18.0766 35.783 36 20
0 0 43.5 20


-2.9084 33.9591 36 20
0 0 43.5 20


0 0 43.5 20
0 0 59 20


28.979 17.8773 36 20
31.1523 19.2006 54 20


18.0766 35.783 36 20
19.4355 38.4437 54 20


-2.9084 33.9591 36 20
-3.00704 36.4931 54 20


0 0 59 20
31.1523 19.2006 54 20


31.1523 19.2006 54 20
19.4355 38.4437 54 20


19.4355 38.4437 54 20
-3.00704 36.4931 54 20


19.4355 38.4437 54 20
0 0 59 20


-3.00704 36.4931 54 20
0 0 59 20


0 0 43.5 21
-2.9084 33.9591 36 21


-2.9084 33.9591 36 21
-23.8934 32.1352 36 21


-23.8934 32.1352 36 21
-31.5858 14.1998 36 21


-23.8934 32.1352 36 21
0 0 43.5 21


-31.5858 14.1998 36 21
0 0 43.5 21


0 0 43.5 21
0 0 59 21


-2.9084 33.9591 36 21
-3.00704 36.4931 54 21


-23.8934 32.1352 36 21
-25.4496 34.5426 54 21


-31.5858 14.1998 36 21
-33.7172 15.2661 54 21


0 0 59 21
-3.00704 36.4931 54 21


-3.00704 36.4931 54 21
-25.4496 34.5426 54 21


-25.4496 34.5426 54 21
-33.7172 15.2661 54 21


-25.4496 34.5426 54 21
0 0 59 21


-33.7172 15.2661 54 21
0 0 59 21


0 0 43.5 22
-31.5858 14.1998 36 22


-31.5858 14.1998 36 22
-39.2783 -3.73569 36 22


-39.2783 -3.73569 36 22
-31.6109 -18.1295 36 22


-39.2783 -3.73569 36 22
0 0 43.5 22


-31.6109 -18.1295 36 22
0 0 43.5 22


0 0 43.5 22
0 0 59 22


-31.5858 14.1998 36 22
-33.7172 15.2661 54 22


-39.2783 -3.73569 36 22
-41.9849 -4.01044 54 22


-31.6109 -18.1295 36 22
-33.7347 -19.4982 54 22


0 0 59 22
-33.7172 15.2661 54 22


-33.7172 15.2661 54 22
-41.9849 -4.01044 54 22


-41.9849 -4.01044 54 22
-33.7347 -19.4982 54 22


-41.9849 -4.01044 54 22
0 0 59 22


-33.7347 -19.4982 54 22
0 0 59 22


0 0 43.5 23
-31.6109 -18.1295 36 23


-31.6109 -18.1295 36 23
-23.9435 -32.5233 36 23


-23.9435 -32.5233 36 23
-2.80345 -33.8992 36 23


-23.9435 -32.5233 36 23
0 0 43.5 23


-2.80345 -33.8992 36 23
0 0 43.5 23


0 0 43.5 23
0 0 59 23


-31.6109 -18.1295 36 23
-33.7347 -19.4982 54 23


-23.9435 -32.5233 36 23
-25.4846 -34.986 54 23


-2.80345 -33.8992 36 23
-2.88652 -36.4568 54 23


0 0 59 23
-33.7347 -19.4982 54 23


-33.7347 -19.4982 54 23
-25.4846 -34.986 54 23


-25.4846 -34.986 54 23
-2.88652 -36.4568 54 23


-25.4846 -34.986 54 23
0 0 59 23


-2.88652 -36.4568 54 23
0 0 59 23


0 0 43.5 24
-2.80345 -33.8992 36 24


-2.80345 -33.8992 36 24
18.3366 -35.2751 36 24


18.3366 -35.2751 36 24
29.109 -17.6517 36 24


18.3366 -35.2751 36 24
0 0 43.5 24


29.109 -17.6517 36 24
0 0 43.5 24


0 0 43.5 24
0 0 59 24


-2.80345 -33.8992 36 24
-2.88652 -36.4568 54 24


18.3366 -35.2751 36 24
19.7115 -37.9277 54 24


29.109 -17.6517 36 24
31.2903 -18.985 54 24


0 0 59 24
-2.88652 -36.4568 54 24


-2.88652 -36.4568 54 24
19.7115 -37.9277 54 24


19.7115 -37.9277 54 24
31.2903 -18.985 54 24


19.7115 -37.9277 54 24
0 0 59 24


31.2903 -18.985 54 24
0 0 59 24


0 0 59 25
31.2903 -18.985 54 25


31.2903 -18.985 54 25
42.8692 -0.042426 54 25


42.8692 -0.042426 54 25
31.1523 19.2006 54 25


42.8692 -0.042426 54 25
0 0 59 25


31.1523 19.2006 54 25
0 0 59 25


0 0 59 25
0 0 74.5 25


31.2903 -18.985 54 25
33.4716 -20.3184 72 25


42.8692 -0.042426 54 25
45.8568 -0.056568 72 25


31.1523 19.2006 54 25
33.3256 20.5239 72 25


0 0 74.5 25
33.4716 -20.3184 72 25


33.4716 -20.3184 72 25
45.8568 -0.056568 72 25


45.8568 -0.056568 72 25
33.3256 20.5239 72 25


45.8568 -0.056568 72 25
0 0 74.5 25


33.3256 20.5239 72 25
0 0 74.5 25


0 0 59 26
31.1523 19.2006 54 26


31.1523 19.2006 54 26
19.4355 38.4437 54 26


19.4355 38.4437 54 26
-3.00704 36.4931 54 26


19.4355 38.4437 54 26
0 0 59 26


-3.00704 36.4931 54 26
0 0 59 26


0 0 59 26
0 0 74.5 26


31.1523 19.2006 54 26
33.3256 20.5239 72 26


19.4355 38.4437 54 26
20.7945 41.1044 72 26


-3.00704 36.4931 54 26
-3.10568 39.0272 72 26


0 0 74.5 26
33.3256 20.5239 72 26


33.3256 20.5239 72 26
20.7945 41.1044 72 26


20.7945 41.1044 72 26
-3.10568 39.0272 72 26


20.7945 41.1044 72 26
0 0 74.5 26


-3.10568 39.0272 72 26
0 0 74.5 26


0 0 59 27
-3.00704 36.4931 54 27


-3.00704 36.4931 54 27
-25.4496 34.5426 54 27


-25.4496 34.5426 54 27
-33.7172 15.2661 54 27


-25.4496 34.5426 54 27
0 0 59 27


-33.7172 15.2661 54 27
0 0 59 27


0 0 59 27
0 0 74.5 27


-3.00704 36.4931 54 27
-3.10568 39.0272 72 27


-25.4496 34.5426 54 27
-27.0058 36.9499 72 27


-33.7172 15.2661 54 27
-35.8487 16.3324 72 27


0 0 74.5 27
-3.10568 39.0272 72 27


-3.10568 39.0272 72 27
-27.0058 36.9499 72 27


-27.0058 36.9499 72 27
-35.8487 16.3324 72 27


-27.0058 36.9499 72 27
0 0 74.5 27


-35.8487 16.3324 72 27
0 0 74.5 27


0 0 59 28
-33.7172 15.2661 54 28


-33.7172 15.2661 54 28
-41.9849 -4.01044 54 28


-41.9849 -4.01044 54 28
-33.7347 -19.4982 54 28


-41.9849 -4.01044 54 28
0 0 59 28


-33.7347 -19.4982 54 28
0 0 59 28


0 0 59 28
0 0 74.5 28


-33.7172 15.2661 54 28
-35.8487 16.3324 72 28


-41.9849 -4.01044 54 28
-44.6915 -4.28519 72 28


-33.7347 -19.4982 54 28
-35.8586 -20.867 72 28


0 0 74.5 28
-35.8487 16.3324 72 28


-35.8487 16.3324 72 28
-44.6915 -4.28519 72 28


-44.6915 -4.28519 72 28
-35.8586 -20.867 72 28


-44.6915 -4.28519 72 28
0 0 74.5 28


-35.8586 -20.867 72 28
0 0 74.5 28


0 0 59 29
-33.7347 -19.4982 54 29


-33.7347 -19.4982 54 29
-25.4846 -34.986 54 29


-25.4846 -34.986 54 29
-2.88652 -36.4568 54 29


-25.4846 -34.986 54 29
0 0 59 29


-2.88652 -36.4568 54 29
0 0 59 29


0 0 59 29
0 0 74.5 29


-33.7347 -19.4982 54 29
-35.8586 -20.867 72 29


-25.4846 -34.986 54 29
-27.0256 -37.4487 72 29


-2.88652 -36.4568 54 29
-2.9696 -39.0145 72 29


0 0 74.5 29
-35.8586 -20.867 72 29


-35.8586 -20.867 72 29
-27.0256 -37.4487 72 29


-27.0256 -37.4487 72 29
-2.9696 -39.0145 72 29


-27.0256 -37.4487 72 29
0 0 74.5 29


-2.9696 -39.0145 72 29
0 0 74.5 29


0 0 59 30
-2.88652 -36.4568 54 30


-2.88652 -36.4568 54 30
19.7115 -37.9277 54 30


19.7115 -37.9277 54 30
31.2903 -18.985 54 30


19.7115 -37.9277 54 30
0 0 59 30


31.2903 -18.985 54 30
0 0 59 30


0 0 59 30
0 0 74.5 30


-2.88652 -36.4568 54 30
-2.9696 -39.0145 72 30


19.7115 -37.9277 54 30
21.0864 -40.5802 72 30


31.2903 -18.985 54 30
33.4716 -20.3184 72 30


0 0 74.5 30
-2.9696 -39.0145 72 30


-2.9696 -39.0145 72 30
21.0864 -40.5802 72 30


21.0864 -40.5802 72 30
33.4716 -20.3184 72 30


21.0864 -40.5802 72 30
0 0 74.5 30


33.4716 -20.3184 72 30
0 0 74.5 30


0 0 74.5 31
33.4716 -20.3184 72 31


33.4716 -20.3184 72 31
45.8568 -0.056568 72 31


45.8568 -0.056568 72 31
33.3256 20.5239 72 31


45.8568 -0.056568 72 31
0 0 74.5 31


33.3256 20.5239 72 31
0 0 74.5 31


0 0 74.5 31
0 0 90 31


33.4716 -20.3184 72 31
35.6529 -21.6517 90 31


45.8568 -0.056568 72 31
48.8445 -0.07071 90 31


33.3256 20.5239 72 31
35.499 21.8472 90 31


0 0 90 31
35.6529 -21.6517 90 31


35.6529 -21.6517 90 31
48.8445 -0.07071 90 31


48.8445 -0.07071 90 31
35.499 21.8472 90 31


48.8445 -0.07071 90 31
0 0 90 31


35.499 21.8472 90 31
0 0 90 31


0 0 74.5 32
33.3256 20.5239 72 32


33.3256 20.5239 72 32
20.7945 41.1044 72 32


20.7945 41.1044 72 32
-3.10568 39.0272 72 32


20.7945 41.1044 72 32
0 0 74.5 32


-3.10568 39.0272 72 32
0 0 74.5 32


0 0 74.5 32
0 0 90 32


33.3256 20.5239 72 32
35.499 21.8472 90 32


20.7945 41.1044 72 32
22.1535 43.7652 90 32


-3.10568 39.0272 72 32
-3.20432 41.5612 90 32


0 0 90 32
35.499 21.8472 90 32


35.499 21.8472 90 32
22.1535 43.7652 90 32


22.1535 43.7652 90 32
-3.20432 41.5612 90 32


22.1535 43.7652 90 32
0 0 90 32


-3.20432 41.5612 90 32
0 0 90 32


0 0 74.5 33
-3.10568 39.0272 72 33


-3.10568 39.0272 72 33
-27.0058 36.9499 72 33


-27.0058 36.9499 72 33
-35.8487 16.3324 72 33


-27.0058 36.9499 72 33
0 0 74.5 33


-35.8487 16.3324 72 33
0 0 74.5 33


0 0 74.5 33
0 0 90 33


-3.10568 39.0272 72 33
-3.20432 41.5612 90 33


-27.0058 36.9499 72 33
-28.5621 39.3573 90 33


-35.8487 16.3324 72 33
-37.9801 17.3987 90 33


0 0 90 33
-3.20432 41.5612 90 33


-3.20432 41.5612 90 33
-28.5621 39.3573 90 33


-28.5621 39.3573 90 33
-37.9801 17.3987 90 33


-28.5621 39.3573 90 33
0 0 90 33


-37.9801 17.3987 90 33
0 0 90 33


0 0 74.5 34
-35.8487 16.3324 72 34


-35.8487 16.3324 72 34
-44.6915 -4.28519 72 34


-44.6915 -4.28519 72 34
-35.8586 -20.867 72 34


-44.6915 -4.28519 72 34
0 0 74.5 34


-35.8586 -20.867 72 34
0 0 74.5 34


0 0 74.5 34
0 0 90 34


-35.8487 16.3324 72 34
-37.9801 17.3987 90 34


-44.6915 -4.28519 72 34
-47.3981 -4.55993 90 34


-35.8586 -20.867 72 34
-37.9824 -22.2357 90 34


0 0 90 34
-37.9801 17.3987 90 34


-37.9801 17.3987 90 34
-47.3981 -4.55993 90 34


-47.3981 -4.55993 90 34
-37.9824 -22.2357 90 34


-47.3981 -4.55993 90 34
0 0 90 34


-37.9824 -22.2357 90 34
0 0 90 34


0 0 74.5 35
-35.8586 -20.867 72 35


-35.8586 -20.867 72 35
-27.0256 -37.4487 72 35


-27.0256 -37.4487 72 35
-2.9696 -39.0145 72 35


-27.0256 -37.4487 72 35
0 0 74.5 35


-2.9696 -39.0145 72 35
0 0 74.5 35


0 0 74.5 35
0 0 90 35


-35.8586 -20.867 72 35
-37.9824 -22.2357 90 35


-27.0256 -37.4487 72 35
-28.5667 -39.9115 90 35


-2.9696 -39.0145 72 35
-3.05268 -41.5721 90 35


0 0 90 35
-37.9824 -22.2357 90 35


-37.9824 -22.2357 90 35
-28.5667 -39.9115 90 35


-28.5667 -39.9115 90 35
-3.05268 -41.5721 90 35


-28.5667 -39.9115 90 35
0 0 90 35


-3.05268 -41.5721 90 35
0 0 90 35


0 0 74.5 36
-2.9696 -39.0145 72 36


-2.9696 -39.0145 72 36
21.0864 -40.5802 72 36


21.0864 -40.5802 72 36
33.4716 -20.3184 72 36


21.0864 -40.5802 72 36
0 0 74.5 36


33.4716 -20.3184 72 36
0 0 74.5 36


0 0 74.5 36
0 0 90 36


-2.9696 -39.0145 72 36
-3.05268 -41.5721 90 36


21.0864 -40.5802 72 36
22.4614 -43.2327 90 36


33.4716 -20.3184 72 36
35.6529 -21.6517 90 36


0 0 90 36
-3.05268 -41.5721 90 36


-3.05268 -41.5721 90 36
22.4614 -43.2327 90 36


22.4614 -43.2327 90 36
35.6529 -21.6517 90 36


22.4614 -43.2327 90 36
0 0 90 36


35.6529 -21.6517 90 36
0 0 90 36


